time           	X              	Y1             	Y2             	
0              	1              	1000           	2000           	
1,00000771     	1              	258            	6530           	
2,00030245     	1              	119            	4708           	
3,00036502     	1              	152            	2758           	
4,00043584     	1              	550            	6625           	
5,00052941     	1              	137            	4829           	
6,00057890     	1              	359            	2387           	
7,00060669     	1              	6071           	339            	
8,00065480     	1              	154            	5043           	
9,00084831     	1              	178            	2785           	
10,0009287     	1              	6008           	362            	
11,0009406     	1              	118            	5109           	
12,0009894     	1              	497            	2310           	
13,0010597     	1              	151            	6935           	
14,0012587     	1              	112            	4026           	
